-Хитър Петър: ? (под въпрос)

-Ангел Каралийчев:
1.
2.
3.
4.
5.
6.
7.
8.
9.
10.
11.
12.

-Български народни приказки:
1.
2.
3.
4.
5.
6.
7.
8.
9.
10.
11.
12.

-Братя Грим:
1.
2.
3.
4.
5.
6.
7.
8.
9.
10.
11.
12.

-Джани Родари:
1.
2.
3.
4.
5.
6.
7.
8.
9.
10.
11.
12.

-Емилиян Станев:
1.
2.
3.
4.
5.
6.
7.
8.
9.
10.
11.
12.

-Ханс Кристиан Андерсен:
1.
2.
3.
4.
5.
6.
7.
8.
9.
10.
11.
12.

-Шарл Перо:
1.
2.
3.
4.
5.
6.
7.
8.
9.
10.
11.
12.

-Приказки от 1001 нощ

-Оскар Уайлд:
1.
2.
3.
4.
5.
6.
7.
8.
9.